# .text Section
0000 00000000000000000001111101101111
0001 00000000000000000010001010110111
0002 00000000101000101000001010010011
0003 00000000101000101000001010010011
0004 00000000101000101000001010010011
0005 00000000001000101000001010010011
0006 00000000000000000010001100110111
0007 00000000000100110000001100010011
0008 00000000000100110000001100010011
0009 00000000000100110000001100010011
000A 00000000000100110000001100010011
000B 00000000011001000000001100110011
000C 00000000010100110010000000100011
000D 00000000000000000010001010110111
000E 00001011010100101000001010010011
000F 00001011010100101000001010010011
0010 00001011010100101000001010010011
0011 00000000000100101000001010010011
0012 00000000000000000010001100110111
0013 00000000001000110000001100010011
0014 00000000001000110000001100010011
0015 00000000001000110000001100010011
0016 00000000001000110000001100010011
0017 00000000011001000000001100110011
0018 00000000010100110010000000100011
0019 00000000000000000010001010110111
001A 00001100000000101000001010010011
001B 00001100000000101000001010010011
001C 00001100000000101000001010010011
001D 00000000000000101000001010010011
001E 00000000000000000010001100110111
001F 00000000010000110000001100010011
0020 00000000010000110000001100010011
0021 00000000010000110000001100010011
0022 00000000000000110000001100010011
0023 00000000011001000000001100110011
0024 00000000010100110010000000100011
0025 00000000000000000010001010110111
0026 00010110101000101000001010010011
0027 00010110101000101000001010010011
0028 00010110101000101000001010010011
0029 00000000001000101000001010010011
002A 00000000000000000010001100110111
002B 00000000000000110000001100010011
002C 00000000000000110000001100010011
002D 00000000000000110000001100010011
002E 00000000000000110000001100010011
002F 00000000011001000000001100110011
0030 00000000010100110010000000100011
0031 00000000000001000000001010110111
0032 00000000000000101000001010010011
0033 00000000000000101000001010010011
0034 00000000000000101000001010010011
0035 00000000000000101000001010010011
0036 00000000000000000010001100110111
0037 00000000011000110000001100010011
0038 00000000011000110000001100010011
0039 00000000011000110000001100010011
003A 00000000001000110000001100010011
003B 00000000011001000000001100110011
003C 00000000010100110010000000100011
003D 00000000000000000010000100110111
003E 00010110101000010000000100010011
003F 00010110101000010000000100010011
0040 00010110101000010000000100010011
0041 00000000001000010000000100010011
0042 00000000100000010000000100110011
0043 00010000000000010000010100110111
0044 00000000000001010000010100010011
0045 00000000000001010000010100010011
0046 00000000010000000000100010010011
0047 00000000010100000000100010010011
0048 00000000101000010010000000100011
0049 00000000010000010000000100010011
004A 11111111110000010000000100010011
004B 00000000000000000010001100110111
004C 00000000000100110000001100010011
004D 00000000000100110000001100010011
004E 00000000000100110000001100010011
004F 00000000000100110000001100010011
0050 00000000100000110000001100110011
0051 00000000010000110000001100010011
0052 00000000010100110010000000100011
0053 00000000010100000000100010010011
0054 00000000101000010010000000100011
0055 00000000010000010000000100010011
0056 11111111110000010000000100010011
0057 00000000000000000010001100110111
0058 00000000000100110000001100010011
0059 00000000000100110000001100010011
005A 00000000000100110000001100010011
005B 00000000000100110000001100010011
005C 00000000100000110000001100110011
005D 00000000100000110000001100010011
005E 00000000010100110010000000100011
005F 00000000000000000010001010110111
0060 00000000000100101000001010010011
0061 00000000000100101000001010010011
0062 00000000000100101000001010010011
0063 00000000000100101000001010010011
0064 00000000100000101000001010110011
0065 00000000010000101000001010010011
0066 00000000010100010010000000100011
0067 00000000010000010000000100010011
0068 00000000000000000010001010110111
0069 00000000000100101000001010010011
006A 00000000000100101000001010010011
006B 00000000000100101000001010010011
006C 00000000000100101000001010010011
006D 00000000100000101000001010110011
006E 00000000100000101000001010010011
006F 00000000010100010010000000100011
0070 00000000010000010000000100010011
0071 11111111110000010000000100010011
0072 11111111110000010000000100010011
0073 00000000010100110000001010110011
0074 00000000010100010010000000100011
0075 00000000010000010000000100010011
0076 11111111110000010000000100010011
0077 00000000000000000010001100110111
0078 00000000000100110000001100010011
0079 00000000000100110000001100010011
007A 00000000000100110000001100010011
007B 00000000000100110000001100010011
007C 00000000100000110000001100110011
007D 00000000110000110000001100010011
007E 00000000010100110010000000100011
007F 00000000000000000010001010110111
0080 00000000000100101000001010010011
0081 00000000000100101000001010010011
0082 00000000000100101000001010010011
0083 00000000000100101000001010010011
0084 00000000100000101000001010110011
0085 00000000010000101000001010010011
0086 00000000010100010010000000100011
0087 00000000010000010000000100010011
0088 00000000000000000010001010110111
0089 00000000000100101000001010010011
008A 00000000000100101000001010010011
008B 00000000000100101000001010010011
008C 00000000000100101000001010010011
008D 00000000100000101000001010110011
008E 00000000100000101000001010010011
008F 00000000010100010010000000100011
0090 00000000010000010000000100010011
0091 11111111110000010000000100010011
0092 11111111110000010000000100010011
0093 01000000010100110000001010110011
0094 00000000010100010010000000100011
0095 00000000010000010000000100010011
0096 11111111110000010000000100010011
0097 00000000000000000010001100110111
0098 00000000000100110000001100010011
0099 00000000000100110000001100010011
009A 00000000000100110000001100010011
009B 00000000000100110000001100010011
009C 00000000100000110000001100110011
009D 00000001000000110000001100010011
009E 00000000010100110010000000100011
009F 00000000000000000010001010110111
00A0 00000000000100101000001010010011
00A1 00000000000100101000001010010011
00A2 00000000000100101000001010010011
00A3 00000000000100101000001010010011
00A4 00000000100000101000001010110011
00A5 00000000110000101000001010010011
00A6 00000000010100010010000000100011
00A7 00000000010000010000000100010011
00A8 00000000000000000000001010110111
00A9 00000000001100101000001010010011
00AA 00000000001100101000001010010011
00AB 00000000001100101000001010010011
00AC 00000000000100101000001010010011
00AD 00000000010100010010000000100011
00AE 00000000010000010000000100010011
00AF 11111111110000010000000100010011
00B0 11111111110000010000000100010011
00B1 10100000011000101100000011100011
00B2 10100000011000101000000011100011
00B3 00000000000100000000001110010011
00B4 00000000000011010001111101101111
00B5 00000000000000000000001110010011
00B6 00000000011100010010000000100011
00B7 00000000010000010000000100010011
00B8 11111111110000010000000100010011
00B9 00000000000000000000001100110111
00BA 00000000000000110000001100010011
00BB 00000000000000110000001100010011
00BC 00000000000000110000001100010011
00BD 00000000000100110000001100010011
00BE 10111000011000101000000011100011
00BF 00000000000011100001111101101111
00C0 00010000000000010000010100110111
00C1 00000000000001010000010100010011
00C2 00000001010001010000010100010011
00C3 00000000010000000000100010010011
00C4 00010000000000010000010100110111
00C5 00000000000001010000010100010011
00C6 00000010101101010000010100010011
00C7 00000000010000000000100010010011
00C8 00000000000000000000001010110111
00C9 00000000000000101000001010010011
00CA 00000000000000101000001010010011
00CB 00000000000000101000001010010011
00CC 00000000000000101000001010010011
00CD 00000000010100010010000000100011
00CE 00000000010000010000000100010011
00CF 00000000000011101110111101101111























































































































































































































































































































































































































































































































































































































































































































































































































# .data Section
1000 01010011011101010110110100100000
1001 01101001011100110010000001100111
1002 01110010011001010110000101110100
1003 01100101011100100010000001110100
1004 01101000011000010110111000100000
1005 00110001001100000000000000000000
1006 01010011011101010110110100100000
1007 01101001011100110010000001101100
1008 01100101011100110111001100100000
1009 01110100011010000110000101101110
100A 00100000011011110111001000100000
100B 01100101011100010111010101100001
100C 01101100001000000111010001101111
100D 00100000001100010011000001011100
100E 01101110000000000000000000000000